Q55667788	Sanofi	20220503	SANO0503	FC1SANO0503	13652,35	5495,20	FC2SANO0503	6067,80	14580,95	FC2SANO0503	7506,20	10103,90	FC2SANO0503	1618,00	16539,10
Q55667788	Sanofi	20220504	SANO0504	FC1SANO0504	16198,30	11750,00	FC2SANO0504	23174,15	20173,25	FC2SANO0504	17350,65	19583,40	FC2SANO0504	9730,80	17096,75
B12345678	Novartis	20220501	NOVA0501	FC1NOVA0501	4110,75	11602,55	FC2NOVA0501	11197,65	12213,30	FC2NOVA0501	8070,35	18226,20	FC2NOVA0501	22360,55	12286,10
B12345678	Novartis	20220502	NOVA0502	FC1NOVA0502	8247,30	15250,70	FC2NOVA0502	11167,00	23489,00	FC2NOVA0502	14170,90	11784,05	FC2NOVA0502	14563,50	16332,25
P87654321	Pfizer	20220506	PFIZ0506	FC1PFIZ0506	9215,75	16142,45	FC2PFIZ0506	10414,60	24282,90	FC2PFIZ0506	13934,55	4753,50	FC2PFIZ0506	11991,50	20525,20
P87654321	Pfizer	20220507	PFIZ0507	FC1PFIZ0507	14547,25	17056,05	FC2PFIZ0507	10445,55	16955,15	FC2PFIZ0507	9951,15	8243,00	FC2PFIZ0507	6162,40	6663,70
P87654321	Pfizer	20220508	PFIZ0508	FC1PFIZ0508	18386,40	9852,05	FC2PFIZ0508	363,40	14457,65	FC2PFIZ0508	8353,65	8577,50	FC2PFIZ0508	3937,90	19013,05
B12345678	Novartis	20220503	NOVA0503	FC1NOVA0503	12762,35	11909,45	FC2NOVA0503	10530,10	4391,30	FC2NOVA0503	14689,45	16061,65	FC2NOVA0503	23978,65	14653,05
B12345678	Novartis    20220504	NOVA0504	FC1NOVA0504	23867,50	13647,55	FC2NOVA0504	12198,40	6680,15	FC2NOVA0504	24243,50	21556,85	FC2NOVA0504	10850,15	15627,80
B12345678	Novartis	20220505	NOVA0505	FC1NOVA0505	504,25	16302,25	FC2NOVA0505	9876,15	4444,00	FC2NOVA0505	20733,95	15001,60	FC2NOVA0505	9115,10	15507,30
B12345678	Novartis	20220506	NOVA0506	FC1NOVA0506	11907,40	10635,90	FC2NOVA0506	17668,90	7999,95	FC2NOVA0506	17245,35	9976,00	FC2NOVA0506	1844,15	22112,10
B12345678	Novartis	20220507	NOVA0507	FC1NOVA0507	11641,75	9044,10	FC2NOVA0507	11724,60	20010,75	FC2NOVA0507	18371,20	15864,45	FC2NOVA0507	21444,90	13820,75
B12345678	Novartis	20220508	NOVA0508	FC1NOVA0508	13217,45	13139,20	FC2NOVA0508	15705,10	3777,30	FC2NOVA0508	8838,35	2669,20	FC2NOVA0508	12449,85	4716,95
B12345678	Novartis	20220509	NOVA0509	FC1NOVA0509	19162,40	26487,55	FC2NOVA0509	16908,40	15478,90	FC2NOVA0509	14258,50	10240,40	FC2NOVA0509	21857,75	6029,25
B12345678	Novartis	20220510	NOVA0510	FC1NOVA0510	8505,30	10190,15	FC2NOVA0510	11716,20	24235,20	FC2NOVA0510	19113,45	2221,85	FC2NOVA0510	9603,75	17436,00
P87654321	Pfizer	20220501	PFIZ0501	FC1PFIZ0501	12725,95	18743,05	FC2PFIZ0501	3673,55	8392,90	FC2PFIZ0501	18184,55	25416,90	FC2PFIZ0501	17350,40	13460,40
P87654321	Pfizer	20220502	PFIZ0502	FC1PFIZ0502	3738,45	15839,50	FC2PFIZ0502	13459,40	5594,30	FC2PFIZ0502	18725,90	6049,20	FC2PFIZ0502	18469,50	8819,80
P87654321	Pfizer	20220503	PFIZ0503	FC1PFIZ0503	11664,45	15017,05	FC2PFIZ0503	26215,85	24368,10	FC2PFIZ0503	2697,25	9975,40	FC2PFIZ0503	17207,30	16541,05
B12345678	Novartis	20220505	NOVA0505	FC1NOVA0505	504,25	16302,25	FC2NOVA0505	9876,15	4444,00	FC2NOVA0505	20733,95	15001,60	FC2NOVA0505	9115,10	15507,30
B12345678	Novartis	20220506	NOVA0506	FC1NOVA0506	11907,40	10635,90	FC2NOVA0506	17668,90	7999,95	FC2NOVA0506	17245,35	9976,00	FC2NOVA0506	1844,15	22112,10
B12345678	Novartis	20220507	NOVA0507	FC1NOVA0507	11641,75	9044,10	FC2NOVA0507	11724,60	20010,75	FC2NOVA0507	18371,20	15864,45	FC2NOVA0507	21444,90	13820,75
B12345678	Novartis	20220508	NOVA0508	FC1NOVA0508	13217,45	13139,20	FC2NOVA0508	15705,10	3777,30	FC2NOVA0508	8838,35	2669,20	FC2NOVA0508	12449,85	4716,95
P87654321	Pfizer	20220504	PFIZ0504	FC1PFIZ0504	24819,40	18940,40	FC2PFIZ0504	11946,35	13028,95	FC2PFIZ0504	20320,75	22132,35	FC2PFIZ0504	12440,90	4930,25
P87654321	Pfizer	20220505	PFIZ0505	FC1PFIZ0505	17950,10	9099,00	FC2PFIZ0505	13307,80	9585,45	FC2PFIZ0505	5409,35	15255,35	FC2PFIZ0505	22653,50	22058,60
P87654321	Pfizer	20220506	PFIZ0506	FC1PFIZ0506	9215,75	16142,45	FC2PFIZ0506	10414,60	24282,90	FC2PFIZ0506	13934,55	4753,50	FC2PFIZ0506	11991,50	20525,20
P87654321	Pfizer	20220507	PFIZ0507	FC1PFIZ0507	14547,25	17056,05	FC2PFIZ0507	10445,55	16955,15	FC2PFIZ0507	9951,15	8243,00	FC2PFIZ0507	6162,40	6663,70
P87654321	Pfizer	20220508	PFIZ0508	FC1PFIZ0508	18386,40	9852,05	FC2PFIZ0508	363,40	14457,65	FC2PFIZ0508	8353,65	8577,50	FC2PFIZ0508	3937,90	19013,05
P87654321	Pfizer	20220509	PFIZ0509	FC1PFIZ0509	15554,40	12396,75	FC2PFIZ0509	6564,75	15605,35	FC2PFIZ0509	7683,05	15247,15	FC2PFIZ0509	13198,45	25495,30
P87654321	Pfizer	20220510	PFIZ0510	FC1PFIZ0510	11434,00	7518,50	FC2PFIZ0510	10186,85	3433,70	FC2PFIZ0510	14766,65	18039,15	FC2PFIZ0510	11554,90	20785,15
J11223344	Johson	20220501	JHON0501	FC1JHON0501	4246,45	11137,75	FC2JHON0501	24485,20	16633,70	FC2JHON0501	8364,70	18360,75	FC2JHON0501	8541,00	9596,30
J11223344	Johson	20220502	JHON0502	FC1JHON0502	20251,20	12375,70	FC2JHON0502	6282,50	7000,20	FC2JHON0502	15727,60	12645,45	FC2JHON0502	24571,60	6519,20
J11223344	Johson	20220503	JHON0503	FC1JHON0503	13527,55	17389,65	FC2JHON0503	18000,60	15707,40	FC2JHON0503	11283,50	6556,75	FC2JHON0503	15112,95	18341,70
J11223344	Johson	20220504	JHON0504	FC1JHON0504	17219,75	10534,05	FC2JHON0504	16851,25	15644,35	FC2JHON0504	6696,70	7463,40	FC2JHON0504	15619,95	11405,00
J11223344	Johson	20220505	JHON0505	FC1JHON0505	16037,95	5769,65	FC2JHON0505	1825,75	20274,00	FC2JHON0505	14006,05	8570,15	FC2JHON0505	10328,10	14619,70
J11223344	Johson	20220506	JHON0506	FC1JHON0506	13008,75	17036,30	FC2JHON0506	16210,00	9378,70	FC2JHON0506	13597,00	17411,15	FC2JHON0506	18930,30	11234,20
J11223344	Johson	20220507	JHON0507	FC1JHON0507	14204,65	18722,95	FC2JHON0507	13503,20	25025,60	FC2JHON0507	12017,80	20688,65	FC2JHON0507	9395,40	12458,35
P87654321	Pfizer	20220506	PFIZ0506	FC1PFIZ0506	9215,75	16142,45	FC2PFIZ0506	10414,60	24282,90	FC2PFIZ0506	13934,55	4753,50	FC2PFIZ0506	11991,50	20525,20
P87654321	Pfizer	20220507	PFIZ0507	FC1PFIZ0507	14547,25	17056,05	FC2PFIZ0507	10445,55	16955,15	FC2PFIZ0507	9951,15	8243,00	FC2PFIZ0507	6162,40	6663,70
P87654321	Pfizer	20220508	PFIZ0508	FC1PFIZ0508	18386,40	9852,05	FC2PFIZ0508	363,40	14457,65	FC2PFIZ0508	8353,65	8577,50	FC2PFIZ0508	3937,90	19013,05
J11223344	Johson	20220508	JHON0508	FC1JHON0508	8770,65	14073,40 FC2JHON0508	1706,40	13990,45	FC2JHON0508	19337,00	13942,10	FC2JHON0508	16012,05	8759,95
J11223344	Johson	20220509	JHON0509	FC1JHON0509	18984,30	6933,15	FC2JHON0509	17183,85	12823,45	FC2JHON0509	16119,65	21344,45	FC2JHON0509	11087,80	14318,45
J11223344	Johson	20220510	JHON0510	FC1JHON0510	24253,55	10542,90	FC2JHON0510	14408,85	5404,65	FC2JHON0510	24047,50	15547,85	FC2JHON0510	6974,25	11848,35
Q55667788	Sanofi	20220501	SANO0501	FC1SANO0501	12721,25	3739,85	FC2SANO0501	14623,45	11936,05	FC2SANO0501	5141,70	15766,60	FC2SANO0501	11232,15	17743,25
Q55667788	Sanofi	20220502	SANO0502	FC1SANO0502	17067,70	17349,30	FC2SANO0502	15998,85	8649,70	FC2SANO0502	9841,50	12376,40	FC2SANO0502	14832,80	18251,30
Q55667788	Sanofi	20220503	SANO0503	FC1SANO0503	13652,35	5495,20	FC2SANO0503	6067,80	14580,95	FC2SANO0503	7506,20	10103,90	FC2SANO0503	1618,00	16539,10
Q55667788	Sanofi	20220504	SANO0504	FC1SANO0504	16198,30	11750,00	FC2SANO0504	23174,15	20173,25	FC2SANO0504	17350,65	19583,40	FC2SANO0504	9730,80	17096,75
P87654321	Pfizer	20220506	PFIZ0506	FC1PFIZ0506	9215,75	16142,45	FC2PFIZ0506	10414,60	24282,90	FC2PFIZ0506	13934,55	4753,50	FC2PFIZ0506	11991,50	20525,20
P87654321	Pfizer	20220507	PFIZ0507	FC1PFIZ0507	14547,25	17056,05	FC2PFIZ0507	10445,55	16955,15	FC2PFIZ0507	9951,15	8243,00	FC2PFIZ0507	6162,40	6663,70
P87654321	Pfizer	20220508	PFIZ0508	FC1PFIZ0508	18386,40	9852,05	FC2PFIZ0508	363,40	14457,65	FC2PFIZ0508	8353,65	8577,50	FC2PFIZ0508	3937,90	19013,05
Q55667788	Sanofi	20220505	SANO0505	FC1SANO0505	14663,15	15282,80	FC2SANO0505	7428,45	12207,10	FC2SANO0505	20662,60	15479,15	FC2SANO0505	3635,50	11027,80
Q55667788	Sanofi	20220506	SANO0506	FC1SANO0506	16796,35	9477,65	FC2SANO0506	8252,90	3995,45	FC2SANO0506	17635,15	15361,45	FC2SANO0506	19874,60	6346,35
Q55667788	Sanofi	20220507	SANO0507	FC1SANO0507	11877,90	17167,30	FC2SANO0507	5791,80	11058,20	FC2SANO0507	23692,25	10384,35	FC2SANO0507	19986,35	11161,75
Q55667788	Sanofi	20220508	SANO0508	FC1SANO0508	11582,05	19304,50	FC2SANO0508	14581,05	19594,40	FC2SANO0508	16742,45	9909,15	FC2SANO0508	12038,95	8765,10
Q55667788	Sanofi	20220509	SANO0509	FC1SANO0509	6832,90	14332,15	FC2SANO0509	10457,75	13527,65	FC2SANO0509	17349,65	9620,75	FC2SANO0509	25362,15	17090,00
Q55667788	Sanofi	20220510	SANO0510	FC1SANO0510	6763,25	3332,55	FC2SANO0510	16603,40	1290,45	FC2SANO0510	14892,95	16634,80	FC2SANO0510	8048,20	13953,35
P87654321	Pfizer	20220501	PFIZ0501	FC1PFIZ0501	12725,95	18743,05	FC2PFIZ0501	3673,55	8392,90	FC2PFIZ0501	18184,55	25416,90	FC2PFIZ0501	17350,40	13460,40
P87654321	Pfizer	20220502	PFIZ0502	FC1PFIZ0502	3738,45	15839,50	FC2PFIZ0502	13459,40	5594,30	FC2PFIZ0502	18725,90	6049,20	FC2PFIZ0502	18469,50	8819,80
P87654321	Pfizer	20220506	PFIZ0506	FC1PFIZ0506	9215,75	16142,45	FC2PFIZ0506	10414,60	24282,90	FC2PFIZ0506	13934,55	4753,50	FC2PFIZ0506	11991,50	20525,20
P87654321	Pfizer	20220507	PFIZ0507	FC1PFIZ0507	14547,25	17056,05	FC2PFIZ0507	10445,55	16955,15	FC2PFIZ0507	9951,15	8243,00	FC2PFIZ0507	6162,40	6663,70
P87654321	Pfizer	20220508	PFIZ0508	FC1PFIZ0508	18386,40	9852,05	FC2PFIZ0508	363,40	14457,65	FC2PFIZ0508	8353,65	8577,50	FC2PFIZ0508	3937,90	19013,05
P87654321	Pfizer	20220503	PFIZ0503	FC1PFIZ0503	11664,45	15017,05	FC2PFIZ0503	26215,85	24368,10	FC2PFIZ0503	2697,25	9975,40	FC2PFIZ0503	17207,30	16541,05
P87654321	Pfizer	20220506	PFIZ0506	FC1PFIZ0506	9215,75	16142,45	FC2PFIZ0506	10414,60	24282,90	FC2PFIZ0506	13934,55	4753,50	FC2PFIZ0506	11991,50	20525,20
P87654321	Pfizer	20220507	PFIZ0507	FC1PFIZ0507	14547,25	17056,05	FC2PFIZ0507	10445,55	16955,15	FC2PFIZ0507	9951,15	8243,00	FC2PFIZ0507	6162,40	6663,70
